 CELL_PARAMETERS
   8.05816565182145       0.000000000000000E+000  0.000000000000000E+000
  -4.02908255900788        6.97857631647699       0.000000000000000E+000
  5.436010463999706E-007  9.415445898311923E-007   7.20021417347828     
 ATOMIC_POSITIONS crystal
 Rb    0.000000    0.000000    0.000000
 H     0.155054    0.443800    0.500000
 H     0.556200    0.711254    0.500000
 H     0.288746    0.844946    0.500000
 H     0.844946    0.556200    0.500000
 H     0.443800    0.288746    0.500000
 H     0.711254    0.155054    0.500000
 H     0.500000    0.000000    0.333084
 H     0.000000    0.500000    0.333084
 H     0.500000    0.500000    0.333084
 H     0.500000    0.000000    0.666916
 H     0.000000    0.500000    0.666916
 H     0.500000    0.500000    0.666916
